1205823 15      3.547383
5236174 9       5.883401
4105854 9       4.577209
657076  6       4.246899
9370287 10      6.377587
1776200 11      6.854804
7484158 9       6.133838
9981848 6       4.117526
8445700 6       4.073452
4018746 1       4.889723
948493  6       4.155703
7303050 12      4.701439
9688219 13      6.748423
5524211 3       3.158783
684464  11      3.703626
9175586 2       4.599879
9628064 2       3.383955
9750388 5       4.602190
6311397 3       4.724809
6613680 16      4.628396
450241  0       4.387117
8136476 6       5.410373
7356358 4       6.563376
9042450 0       6.654575
342294  16      5.833322
6038614 14      5.281001
8318207 3       4.376886
2851468 1       4.888099
933674  8       4.577510
1260173 1       3.978090
5835681 16      3.868922
1810773 6       5.711770